12 12
38
F 1 8 9 7 27 
W 3 11 9 5 27 
W 8 8 9 5 27 
W 11 6 9 5 26 
S 3 5 4 4 25 
C 0 1 11 4 4 
C 0 0 11 4 4 
@ 5 1 5 4 0 1 True
b 4 0 99 0 28 
s 0 3 0 0 26 
b 4 1 99 0 22 
s 0 4 0 0 20 
s 1 3 0 0 19 
s 0 2 0 0 18 
b 3 0 99 0 16 
b 4 2 99 0 15 
s 1 4 0 0 12 
s 1 2 0 0 12 
b 4 3 99 0 9 
s 2 4 0 0 7 
s 0 6 0 0 7 
s 2 3 0 0 5 
s 1 6 0 0 5 
s 2 2 0 0 5 
s 3 4 0 0 5 
b 3 1 99 0 4 
s 0 7 0 0 3 
s 0 5 0 0 2 
s 3 3 0 0 1 
s 1 1 0 0 1 
b 5 3 99 0 1 
s 3 2 0 0 1 
s 4 4 0 0 1 
b 5 0 99 0 1 
s 1 5 0 0 0 
s 2 6 0 0 0 
s 2 1 0 0 0 
s 0 8 0 0 0 
